Size 8
Color 1
166 2 163
Color 2
3 200 200
Symbol A
0 0 1 1 1 0 0 0
2 1 2 2 2 1 0 0
2 1 0 0 2 1 0 0
2 1 1 1 1 1 0 0
2 1 2 2 2 1 0 0
2 1 0 0 2 1 0 0
2 1 0 0 2 1 0 0
2 0 0 0 2 0 0 0
endSymbol
Symbol B
0 1 1 1 1 0 0 0
2 1 2 2 2 1 0 0
2 1 0 0 2 1 0 0
2 1 1 1 1 0 0 0
2 1 2 2 2 1 0 0
2 1 0 0 2 1 0 0
2 1 1 1 1 0 0 0
2 2 2 2 2 0 0 0
endSymbol
Symbol C
0 0 1 1 1 0 0 0
2 1 2 2 2 1 0 0
2 1 0 0 0 0 0 0
2 1 0 0 0 0 0 0
2 1 0 0 0 0 0 0
2 1 0 0 2 1 0 0
2 2 1 1 1 0 0 0
0 2 2 2 2 0 0 0
endSymbol
Symbol D
0 1 1 1 1 0 0 0
2 1 2 2 2 1 0 0
2 1 0 0 2 1 0 0
2 1 0 0 2 1 0 0
2 1 0 0 2 1 0 0
2 1 0 0 2 1 0 0
2 1 1 1 1 0 0 0
2 2 2 2 2 0 0 0
endSymbol
Symbol E
0 1 1 1 1 1 0 0
2 1 2 2 2 0 0 0
2 1 0 0 0 0 0 0
2 1 1 1 1 0 0 0
2 1 2 2 2 0 0 0
2 1 0 0 0 0 0 0
2 1 1 1 1 1 0 0
2 2 2 2 2 0 0 0
endSymbol
Symbol F
0 1 1 1 1 1 0 0
2 1 2 2 2 0 0 0
2 1 0 0 0 0 0 0
2 1 1 1 1 0 0 0
2 1 2 2 2 0 0 0
2 1 0 0 0 0 0 0
2 1 0 0 0 0 0 0
2 0 0 0 0 0 0 0
endSymbol
Symbol G
0 0 1 1 1 0 0 0
2 1 2 2 2 1 0 0
2 1 0 0 0 0 0 0
2 1 0 0 0 0 0 0
2 1 0 2 1 1 0 0
2 1 0 2 2 1 0 0
2 2 1 1 1 0 0 0
0 2 2 2 2 0 0 0
endSymbol
Symbol H
0 1 0 0 0 1 0 0
2 1 0 0 2 1 0 0
2 1 0 0 2 1 0 0
2 1 1 1 1 1 0 0
2 1 2 2 2 1 0 0
2 1 0 0 2 1 0 0
2 1 0 0 2 1 0 0
2 0 0 0 2 0 0 0
endSymbol
Symbol I
0 1 1 1 1 1 0 0
2 2 2 1 2 0 0 0
0 0 2 1 0 0 0 0
0 0 2 1 0 0 0 0
0 0 2 1 0 0 0 0
0 0 2 1 0 0 0 0
2 1 1 1 1 1 0 0
2 2 2 2 2 0 0 0
endSymbol
Symbol J
0 1 1 1 1 1 0 0
2 2 2 1 2 0 0 0
0 0 2 1 0 0 0 0
0 0 2 1 0 0 0 0
0 0 2 1 0 0 0 0
2 1 2 1 0 0 0 0
2 2 1 0 0 0 0 0
0 2 2 0 0 0 0 0
endSymbol
Symbol K
0 1 0 0 2 1 0 0
2 1 0 2 1 0 0 0
2 1 2 1 0 0 0 0
2 1 1 0 0 0 0 0
2 1 2 1 0 0 0 0
2 1 2 2 1 0 0 0
2 1 0 2 2 1 0 0
2 0 0 0 2 0 0 0
endSymbol
Symbol L
0 1 0 0 0 0 0 0
2 1 0 0 0 0 0 0
2 1 0 0 0 0 0 0
2 1 0 0 0 0 0 0
2 1 0 0 0 0 0 0
2 1 0 0 0 0 0 0
2 1 1 1 1 1 0 0
2 2 2 2 2 0 0 0
endSymbol
Symbol M
0 1 0 0 0 1 0 0
2 1 1 2 1 1 0 0
2 1 2 1 2 1 0 0
2 1 2 2 2 1 0 0
2 1 0 0 2 1 0 0
2 1 0 0 2 1 0 0
2 1 0 0 2 1 0 0
2 0 0 0 2 0 0 0
endSymbol
Symbol N
0 1 0 0 0 1 0 0
2 1 1 0 2 1 0 0
2 1 2 1 2 1 0 0
2 1 2 2 1 1 0 0
2 1 0 2 2 1 0 0
2 1 0 0 2 1 0 0
2 1 0 0 2 1 0 0
2 0 0 0 2 0 0 0
endSymbol
Symbol O
0 0 1 1 1 0 0 0
2 1 2 2 2 1 0 0
2 1 0 0 2 1 0 0
2 1 0 0 2 1 0 0
2 1 0 0 2 1 0 0
2 1 0 0 2 1 0 0
2 2 1 1 1 0 0 0
0 2 2 2 2 0 0 0
endSymbol
Symbol P
0 0 1 1 1 0 0 0
2 1 2 2 2 1 0 0
2 1 0 0 2 1 0 0
2 1 1 1 1 0 0 0
2 1 2 2 0 0 0 0
2 1 0 0 0 0 0 0
2 1 0 0 0 0 0 0
2 0 0 0 0 0 0 0
endSymbol
Symbol Q
0 0 1 1 1 0 0 0
2 1 2 2 2 1 0 0
2 1 0 0 2 1 0 0
2 1 0 0 2 1 0 0
2 1 0 1 2 1 0 0
2 1 0 0 1 0 0 0
2 2 1 1 0 1 0 0
0 2 2 2 0 0 0 0
endSymbol
Symbol R
0 0 1 1 1 0 0 0
2 1 2 2 2 1 0 0
2 1 0 0 2 1 0 0
2 1 1 1 1 0 0 0
2 1 2 1 0 0 0 0
2 1 0 2 1 0 0 0
2 1 0 0 2 1 0 0
2 0 0 0 2 0 0 0
endSymbol
Symbol S
0 0 1 1 1 0 0 0
2 1 2 2 2 1 0 0
2 1 0 0 0 0 0 0
2 2 1 1 1 0 0 0
0 0 2 2 2 1 0 0
2 1 0 0 2 1 0 0
2 2 1 1 1 0 0 0
0 2 2 2 2 0 0 0
endSymbol
Symbol T
0 1 1 1 1 1 0 0
2 2 2 1 2 0 0 0
0 0 2 1 0 0 0 0
0 0 2 1 0 0 0 0
0 0 2 1 0 0 0 0
0 0 2 1 0 0 0 0
0 0 2 1 0 0 0 0
0 0 2 0 0 0 0 0
endSymbol
Symbol U
0 1 0 0 0 1 0 0
2 1 0 0 2 1 0 0
2 1 0 0 2 1 0 0
2 1 0 0 2 1 0 0
2 1 0 0 2 1 0 0
2 1 0 0 2 1 0 0
2 2 1 1 1 0 0 0
0 2 2 2 2 0 0 0
endSymbol
Symbol V
0 1 0 0 0 1 0 0
2 1 0 0 2 1 0 0
2 1 0 2 2 1 0 0
2 2 1 2 1 0 0 0
0 2 1 2 1 0 0 0
0 0 2 1 0 0 0 0
0 0 2 1 0 0 0 0
0 0 2 0 0 0 0 0
endSymbol
Symbol W
0 1 0 0 0 1 0 0
2 1 0 0 2 1 0 0
2 1 0 0 2 1 0 0
2 1 0 0 2 1 0 0
2 1 0 1 2 1 0 0
2 1 2 1 2 1 0 0
2 2 1 0 1 0 0 0
0 2 2 0 2 0 0 0
endSymbol
Symbol X
0 1 0 0 0 1 0 0
2 1 0 0 2 1 0 0
2 2 1 2 1 0 0 0
0 2 2 1 0 0 0 0
0 2 1 2 1 0 0 0
2 1 2 0 2 1 0 0
2 1 0 0 2 1 0 0
2 0 0 0 2 0 0 0
endSymbol
Symbol Y
0 1 0 0 0 1 0 0
2 1 0 2 2 1 0 0
2 2 1 2 1 0 0 0
0 2 2 1 0 0 0 0
0 0 2 1 0 0 0 0
0 0 2 1 0 0 0 0
0 0 2 1 0 0 0 0
0 0 2 0 0 0 0 0
endSymbol
Symbol Z
0 1 1 1 1 1 0 0
2 2 2 2 2 1 0 0
0 0 0 2 1 0 0 0
0 0 2 1 0 0 0 0
0 2 1 0 0 0 0 0
2 1 0 0 0 0 0 0
2 1 1 1 1 1 0 0
2 2 2 2 2 0 0 0
endSymbol
Symbol 0
0 0 1 1 1 0 0 0
2 1 2 2 2 1 0 0
2 1 0 2 1 1 0 0
2 1 2 1 2 1 0 0
2 1 1 0 2 1 0 0
2 1 0 0 2 1 0 0
2 2 1 1 1 0 0 0
0 2 2 2 2 0 0 0
endSymbol
Symbol 1
0 0 0 1 0 0 0 0
0 2 1 1 0 0 0 0
2 1 2 1 0 0 0 0
0 0 2 1 0 0 0 0
0 0 2 1 0 0 0 0
0 0 2 1 0 0 0 0
2 1 1 1 1 1 0 0
2 2 2 2 2 0 0 0
endSymbol
Symbol 2
0 0 1 1 1 0 0 0
0 1 2 2 2 1 0 0
2 0 0 0 2 1 0 0
0 0 2 2 1 0 0 0
0 2 1 1 0 0 0 0
2 1 0 0 0 0 0 0
2 1 1 1 1 1 0 0
2 2 2 2 2 0 0 0
endSymbol
Symbol 3
0 0 1 1 1 0 0 0
0 1 2 2 2 1 0 0
2 0 0 0 2 1 0 0
0 0 0 1 1 0 0 0
0 0 0 2 2 1 0 0
2 1 0 0 2 1 0 0
2 2 1 1 1 0 0 0
0 2 2 2 0 0 0 0
endSymbol
Symbol 4
0 1 0 0 1 0 0 0
2 1 0 2 1 0 0 0
2 1 0 2 1 0 0 0
2 1 1 1 1 1 0 0
2 2 2 2 1 0 0 0
0 0 0 2 1 0 0 0
0 0 0 2 1 0 0 0
0 0 0 2 0 0 0 0
endSymbol
Symbol 5
0 1 1 1 1 1 0 0
2 1 0 0 0 0 0 0
2 1 1 1 1 0 0 0
2 2 2 2 2 1 0 0
0 0 0 0 2 1 0 0
2 1 0 0 2 1 0 0
2 2 1 1 1 0 0 0
0 2 2 2 0 0 0 0
endSymbol
Symbol 6
0 0 1 1 1 0 0 0
2 1 2 2 2 1 0 0
2 1 0 0 0 0 0 0
2 1 1 1 1 0 0 0
2 1 2 2 2 1 0 0
2 1 0 0 2 1 0 0
2 2 1 1 1 0 0 0
0 2 2 2 0 0 0 0
endSymbol
Symbol 7
0 1 1 1 1 1 0 0
2 2 2 2 2 1 0 0
0 0 0 2 1 0 0 0
0 0 2 1 0 0 0 0
0 2 1 0 0 0 0 0
2 1 0 0 0 0 0 0
2 1 0 0 0 0 0 0
2 0 0 0 0 0 0 0
endSymbol
Symbol 8
0 0 1 1 1 0 0 0
2 1 2 2 2 1 0 0
2 1 0 0 2 1 0 0
0 2 1 1 1 0 0 0
2 1 2 2 2 1 0 0
2 1 0 0 2 1 0 0
2 2 1 1 1 0 0 0
0 2 2 2 0 0 0 0
endSymbol
Symbol 9
0 0 1 1 1 0 0 0
2 1 2 2 2 1 0 0
2 1 0 0 2 1 0 0
2 2 1 1 1 1 0 0
0 0 0 2 2 1 0 0
2 1 0 0 2 1 0 0
2 2 1 1 1 0 0 0
0 2 2 2 0 0 0 0
endSymbol
Symbol !
0 0 0 1 0 0 0 0
0 0 2 1 0 0 0 0
0 0 2 1 0 0 0 0
0 0 2 1 0 0 0 0
0 0 2 1 0 0 0 0
0 0 2 0 0 0 0 0
0 0 0 1 0 0 0 0
0 0 2 0 0 0 0 0
endSymbol
Symbol ?
0 0 1 1 1 0 0 0
2 1 2 2 2 1 0 0
2 1 0 0 2 1 0 0
0 0 2 1 1 0 0 0
0 2 1 0 0 0 0 0
0 2 0 0 0 0 0 0
0 0 1 0 0 0 0 0
0 2 0 0 0 0 0 0
endSymbol
Symbol _
0 0 0 0 0 0 0 0
0 0 0 0 0 0 0 0
0 0 0 0 0 0 0 0
0 0 0 0 0 0 0 0
0 0 0 0 0 0 0 0
0 0 0 0 0 0 0 0
0 1 1 1 1 1 0 0
2 2 2 2 2 0 0 0
endSymbol
endOfFile

